Time(ms), Temperature(C), Temperature (K), Temperature(analog value) 
1061,22.998,296.148,1911
1169,22.889,296.039,1906
1276,22.867,296.017,1905
1383,22.932,296.082,1908
1490,22.889,296.039,1906
1597,22.954,296.104,1909
1704,22.910,296.060,1907
1811,22.867,296.017,1905
1918,22.976,296.126,1910
2025,22.954,296.104,1909
2132,22.867,296.017,1905
2239,22.845,295.995,1904
2346,22.845,295.995,1904
2453,22.889,296.039,1906
2560,22.976,296.126,1910
2667,22.910,296.060,1907
2774,22.867,296.017,1905
2884,22.867,296.017,1905
2993,22.845,295.995,1904
3100,22.910,296.060,1907
3207,22.845,295.995,1904
3314,22.845,295.995,1904
3421,22.867,296.017,1905
3528,22.910,296.060,1907
3635,22.889,296.039,1906
3742,22.845,295.995,1904
3849,22.867,296.017,1905
3956,22.867,296.017,1905
4063,22.845,295.995,1904
4170,22.867,296.017,1905
4277,22.823,295.973,1903
4384,22.889,296.039,1906
4491,22.845,295.995,1904
4598,22.867,296.017,1905
4705,22.867,296.017,1905
4812,22.889,296.039,1906
4922,22.845,295.995,1904
5029,22.867,296.017,1905
5136,22.867,296.017,1905
5245,22.845,295.995,1904
5352,22.845,295.995,1904
5459,22.845,295.995,1904
5566,22.845,295.995,1904
5673,22.823,295.973,1903
5780,22.845,295.995,1904
5887,22.845,295.995,1904
5994,22.845,295.995,1904
6101,22.845,295.995,1904
6208,22.823,295.973,1903
6315,22.845,295.995,1904
6422,22.823,295.973,1903
6529,22.845,295.995,1904
6636,22.823,295.973,1903
6743,22.823,295.973,1903
6850,22.802,295.952,1902
6960,22.802,295.952,1902
7067,22.823,295.973,1903
7174,22.845,295.995,1904
7281,22.845,295.995,1904
7390,22.823,295.973,1903
7497,22.845,295.995,1904
7604,22.845,295.995,1904
7711,22.845,295.995,1904
7818,22.845,295.995,1904
7925,22.845,295.995,1904
8032,22.823,295.973,1903
8139,22.845,295.995,1904
8246,22.823,295.973,1903
8353,22.736,295.886,1899
8460,22.780,295.930,1901
8567,22.823,295.973,1903
8674,22.823,295.973,1903
8781,22.845,295.995,1904
8888,22.823,295.973,1903
8998,22.780,295.930,1901
9105,22.802,295.952,1902
9212,22.780,295.930,1901
9319,22.823,295.973,1903
9426,22.823,295.973,1903
9533,22.736,295.886,1899
9642,22.780,295.930,1901
9749,22.823,295.973,1903
9856,22.802,295.952,1902
9963,22.802,295.952,1902
10070,22.823,295.973,1903
10177,22.780,295.930,1901
10284,22.802,295.952,1902
10391,22.780,295.930,1901
10498,22.715,295.865,1898
10605,22.823,295.973,1903
10712,22.736,295.886,1899
10819,22.845,295.995,1904
10926,22.758,295.908,1900
11036,22.823,295.973,1903
11143,22.780,295.930,1901
11250,22.758,295.908,1900
11357,22.715,295.865,1898
11464,22.802,295.952,1902
11571,22.802,295.952,1902
11678,22.802,295.952,1902
11783,22.715,295.865,1898
11890,22.715,295.865,1898
11997,22.780,295.930,1901
12104,22.715,295.865,1898
12211,22.693,295.843,1897
12318,22.802,295.952,1902
12425,22.693,295.843,1897
12532,22.736,295.886,1899
12639,22.649,295.799,1895
12746,22.715,295.865,1898
12853,22.758,295.908,1900
12960,22.715,295.865,1898
13067,22.693,295.843,1897
13177,22.736,295.886,1899
13284,22.649,295.799,1895
13391,22.693,295.843,1897
13498,22.736,295.886,1899
13605,22.780,295.930,1901
13712,22.715,295.865,1898
13821,22.649,295.799,1895
13928,22.649,295.799,1895
14035,22.649,295.799,1895
14142,22.606,295.756,1893
14249,22.693,295.843,1897
14356,22.584,295.734,1892
14463,22.627,295.777,1894
14570,22.606,295.756,1893
14677,22.627,295.777,1894
14784,22.649,295.799,1895
14891,22.606,295.756,1893
14998,22.606,295.756,1893
15105,22.562,295.712,1891
15215,22.562,295.712,1891
15322,22.562,295.712,1891
15429,22.627,295.777,1894
15536,22.649,295.799,1895
15643,22.606,295.756,1893
15750,22.562,295.712,1891
15857,22.584,295.734,1892
15966,22.606,295.756,1893
16073,22.540,295.690,1890
16180,22.584,295.734,1892
16287,22.627,295.777,1894
16394,22.606,295.756,1893
16501,22.606,295.756,1893
16608,22.606,295.756,1893
16715,22.475,295.625,1887
16822,22.584,295.734,1892
16929,22.627,295.777,1894
17036,22.606,295.756,1893
17143,22.540,295.690,1890
17253,22.606,295.756,1893
17360,22.562,295.712,1891
17467,22.540,295.690,1890
17574,22.540,295.690,1890
17681,22.562,295.712,1891
17788,22.519,295.669,1889
17895,22.562,295.712,1891
18002,22.519,295.669,1889
18111,22.562,295.712,1891
18218,22.519,295.669,1889
18325,22.519,295.669,1889
18432,22.519,295.669,1889
18539,22.584,295.734,1892
18646,22.562,295.712,1891
18753,22.562,295.712,1891
18860,22.540,295.690,1890
18967,22.497,295.647,1888
19074,22.475,295.625,1887
19181,22.562,295.712,1891
19291,22.540,295.690,1890
19398,22.519,295.669,1889
19505,22.519,295.669,1889
19612,22.606,295.756,1893
19719,22.475,295.625,1887
19826,22.519,295.669,1889
19933,22.432,295.582,1885
20040,22.519,295.669,1889
20149,22.475,295.625,1887
20256,22.475,295.625,1887
20363,22.453,295.603,1886
20470,22.497,295.647,1888
20577,22.475,295.625,1887
20684,22.301,295.451,1879
20791,22.475,295.625,1887
20898,22.453,295.603,1886
21005,22.475,295.625,1887
21112,22.519,295.669,1889
21219,22.475,295.625,1887
21329,22.410,295.560,1884
21436,22.388,295.538,1883
21543,22.497,295.647,1888
21650,22.519,295.669,1889
21757,22.410,295.560,1884
21864,22.519,295.669,1889
21971,22.475,295.625,1887
22078,22.497,295.647,1888
22185,22.475,295.625,1887
22294,22.432,295.582,1885
22401,22.475,295.625,1887
22508,22.519,295.669,1889
22615,22.475,295.625,1887
22722,22.453,295.603,1886
22829,22.497,295.647,1888
22936,22.453,295.603,1886
23043,22.497,295.647,1888
23150,22.432,295.582,1885
23257,22.453,295.603,1886
23367,22.453,295.603,1886
23474,22.475,295.625,1887
23581,22.453,295.603,1886
23688,22.410,295.560,1884
23795,22.519,295.669,1889
23902,22.410,295.560,1884
24009,22.475,295.625,1887
24116,22.410,295.560,1884
24223,22.453,295.603,1886
24330,22.388,295.538,1883
24439,22.453,295.603,1886
24546,22.432,295.582,1885
24653,22.432,295.582,1885
24760,22.388,295.538,1883
24867,22.432,295.582,1885
24974,22.388,295.538,1883
25081,22.388,295.538,1883
25188,22.410,295.560,1884
25295,22.345,295.495,1881
25405,22.453,295.603,1886
25512,22.475,295.625,1887
25619,22.388,295.538,1883
25726,22.475,295.625,1887
25833,22.410,295.560,1884
25940,22.388,295.538,1883
26047,22.388,295.538,1883
26154,22.367,295.517,1882
26261,22.345,295.495,1881
26368,22.345,295.495,1881
26477,22.345,295.495,1881
26584,22.367,295.517,1882
26691,22.388,295.538,1883
26798,22.345,295.495,1881
26905,22.345,295.495,1881
27012,22.301,295.451,1879
27119,22.258,295.408,1877
27226,22.367,295.517,1882
27333,22.301,295.451,1879
27443,22.301,295.451,1879
27550,22.323,295.473,1880
27657,22.388,295.538,1883
27764,22.345,295.495,1881
27871,22.301,295.451,1879
27978,22.301,295.451,1879
28085,22.367,295.517,1882
28192,22.280,295.430,1878
28299,22.280,295.430,1878
28406,22.301,295.451,1879
28513,22.280,295.430,1878
28622,22.258,295.408,1877
28729,22.345,295.495,1881
28836,22.258,295.408,1877
28943,22.301,295.451,1879
29050,22.280,295.430,1878
29157,22.345,295.495,1881
29264,22.301,295.451,1879
29371,22.301,295.451,1879
29481,22.301,295.451,1879
29588,22.345,295.495,1881
29695,22.280,295.430,1878
29802,22.280,295.430,1878
29909,22.301,295.451,1879
30016,22.388,295.538,1883
30123,22.301,295.451,1879
30230,22.193,295.343,1874
30337,22.214,295.364,1875
30444,22.258,295.408,1877
30551,22.236,295.386,1876
30658,22.280,295.430,1878
30767,22.258,295.408,1877
30874,22.301,295.451,1879
30981,22.214,295.364,1875
31088,22.258,295.408,1877
31195,22.280,295.430,1878
31302,22.214,295.364,1875
31409,22.280,295.430,1878
31519,22.258,295.408,1877
31626,22.258,295.408,1877
31733,22.214,295.364,1875
31840,22.258,295.408,1877
31947,22.301,295.451,1879
32054,22.214,295.364,1875
32161,22.258,295.408,1877
32268,22.258,295.408,1877
32375,22.258,295.408,1877
32482,22.301,295.451,1879
32589,22.171,295.321,1873
32696,22.258,295.408,1877
32805,22.280,295.430,1878
32912,22.301,295.451,1879
33019,22.258,295.408,1877
33126,22.193,295.343,1874
33233,22.171,295.321,1873
33340,22.193,295.343,1874
33447,22.214,295.364,1875
33557,22.149,295.299,1872
33664,22.149,295.299,1872
33771,22.214,295.364,1875
33878,22.214,295.364,1875
33985,22.171,295.321,1873
34092,22.171,295.321,1873
34199,22.171,295.321,1873
34306,22.193,295.343,1874
34413,22.193,295.343,1874
34520,22.193,295.343,1874
34627,22.171,295.321,1873
34734,22.214,295.364,1875
34841,22.149,295.299,1872
34950,22.127,295.277,1871
35057,22.149,295.299,1872
35164,22.149,295.299,1872
35271,22.171,295.321,1873
35378,22.258,295.408,1877
35485,22.171,295.321,1873
35595,22.149,295.299,1872
35702,22.149,295.299,1872
35809,22.149,295.299,1872
35916,22.171,295.321,1873
36023,22.149,295.299,1872
36130,22.193,295.343,1874
36237,22.149,295.299,1872
36344,22.149,295.299,1872
36451,22.149,295.299,1872
36558,22.149,295.299,1872
36665,22.171,295.321,1873
36772,22.149,295.299,1872
36879,22.149,295.299,1872
36986,22.149,295.299,1872
37095,22.149,295.299,1872
37202,22.149,295.299,1872
37309,22.149,295.299,1872
37416,22.171,295.321,1873
37523,22.149,295.299,1872
37633,22.149,295.299,1872
37740,22.149,295.299,1872
37847,22.127,295.277,1871
37954,22.149,295.299,1872
38061,22.149,295.299,1872
38168,22.127,295.277,1871
38275,22.149,295.299,1872
38382,22.149,295.299,1872
38489,22.149,295.299,1872
38596,22.171,295.321,1873
38703,22.171,295.321,1873
38810,22.149,295.299,1872
38917,22.149,295.299,1872
39024,22.171,295.321,1873
39131,22.171,295.321,1873
39236,22.149,295.299,1872
39343,22.127,295.277,1871
39450,22.149,295.299,1872
39557,22.149,295.299,1872
39664,22.149,295.299,1872
39774,22.149,295.299,1872
39881,22.149,295.299,1872
39988,22.149,295.299,1872
40095,22.106,295.256,1870
40202,22.106,295.256,1870
40309,22.106,295.256,1870
40416,22.127,295.277,1871
40523,22.106,295.256,1870
40630,22.106,295.256,1870
40737,22.149,295.299,1872
40844,22.149,295.299,1872
40951,22.019,295.169,1866
41058,22.084,295.234,1869
41165,22.084,295.234,1869
41274,22.149,295.299,1872
41381,22.106,295.256,1870
41488,22.084,295.234,1869
41595,22.127,295.277,1871
41702,22.106,295.256,1870
41812,22.019,295.169,1866
41919,22.041,295.191,1867
42026,22.127,295.277,1871
42133,22.084,295.234,1869
42240,22.149,295.299,1872
42347,22.127,295.277,1871
42454,22.106,295.256,1870
42561,22.084,295.234,1869
42668,22.084,295.234,1869
42775,22.041,295.191,1867
42882,22.041,295.191,1867
42989,22.084,295.234,1869
43096,22.149,295.299,1872
43203,22.041,295.191,1867
43310,22.062,295.212,1868
43419,22.149,295.299,1872
43526,22.019,295.169,1866
43633,22.084,295.234,1869
43740,21.997,295.147,1865
43850,22.041,295.191,1867
43957,22.084,295.234,1869
44064,22.084,295.234,1869
44171,22.106,295.256,1870
44278,22.084,295.234,1869
44385,22.019,295.169,1866
44492,22.084,295.234,1869
44599,22.041,295.191,1867
44706,22.106,295.256,1870
44813,21.954,295.104,1863
44920,22.062,295.212,1868
45027,22.062,295.212,1868
45134,21.997,295.147,1865
45241,22.084,295.234,1869
45348,22.041,295.191,1867
45455,22.019,295.169,1866
45564,22.062,295.212,1868
45671,22.019,295.169,1866
45778,22.019,295.169,1866
45888,22.041,295.191,1867
45995,22.041,295.191,1867
46102,22.019,295.169,1866
46209,22.041,295.191,1867
46316,21.997,295.147,1865
46423,21.997,295.147,1865
46530,22.062,295.212,1868
46637,22.041,295.191,1867
46744,22.019,295.169,1866
46851,22.019,295.169,1866
46958,22.084,295.234,1869
47065,22.041,295.191,1867
47172,22.084,295.234,1869
47279,22.041,295.191,1867
47386,21.997,295.147,1865
47493,22.019,295.169,1866
47602,21.954,295.104,1863
47709,21.997,295.147,1865
47816,21.954,295.104,1863
47926,21.954,295.104,1863
48033,21.954,295.104,1863
48140,22.019,295.169,1866
48247,21.997,295.147,1865
48354,21.997,295.147,1865
48461,21.954,295.104,1863
48568,21.910,295.060,1861
48675,21.954,295.104,1863
48782,21.867,295.017,1859
48889,21.954,295.104,1863
48996,21.954,295.104,1863
49103,22.041,295.191,1867
49210,21.910,295.060,1861
49317,21.932,295.082,1862
49424,21.954,295.104,1863
49531,21.889,295.039,1860
49638,21.910,295.060,1861
49747,21.932,295.082,1862
49854,21.910,295.060,1861
49964,21.910,295.060,1861
50071,21.932,295.082,1862
50178,21.867,295.017,1859
50285,21.954,295.104,1863
50392,21.932,295.082,1862
50499,21.845,294.995,1858
50606,21.954,295.104,1863
50713,21.910,295.060,1861
50820,21.954,295.104,1863
50927,21.954,295.104,1863
51034,21.867,295.017,1859
51141,21.954,295.104,1863
51248,21.889,295.039,1860
51355,21.889,295.039,1860
51462,21.910,295.060,1861
51569,21.845,294.995,1858
51676,21.910,295.060,1861
51783,21.867,295.017,1859
51892,21.910,295.060,1861
52002,21.889,295.039,1860
52109,21.845,294.995,1858
52216,21.867,295.017,1859
52323,21.867,295.017,1859
52430,21.845,294.995,1858
52537,21.845,294.995,1858
52644,21.954,295.104,1863
52751,21.910,295.060,1861
52858,21.823,294.973,1857
52965,21.954,295.104,1863
53072,21.867,295.017,1859
53179,21.889,295.039,1860
53286,21.867,295.017,1859
53393,21.867,295.017,1859
53500,21.889,295.039,1860
53607,21.845,294.995,1858
53714,21.823,294.973,1857
53821,21.867,295.017,1859
53930,21.802,294.952,1856
54040,21.845,294.995,1858
54147,21.823,294.973,1857
54254,21.932,295.082,1862
54361,21.910,295.060,1861
54468,21.954,295.104,1863
54575,21.867,295.017,1859
54682,21.867,295.017,1859
54789,21.867,295.017,1859
54896,21.845,294.995,1858
55003,21.823,294.973,1857
55110,21.823,294.973,1857
55217,21.823,294.973,1857
55324,21.889,295.039,1860
55431,21.867,295.017,1859
55538,21.802,294.952,1856
55645,21.823,294.973,1857
55752,21.867,295.017,1859
55859,21.802,294.952,1856
55966,21.802,294.952,1856
56078,21.867,295.017,1859
56185,21.845,294.995,1858
56292,21.845,294.995,1858
56399,21.845,294.995,1858
56506,21.780,294.930,1855
56613,21.823,294.973,1857
56720,21.932,295.082,1862
56827,21.780,294.930,1855
56934,21.823,294.973,1857
57041,21.780,294.930,1855
57148,21.867,295.017,1859
57255,21.867,295.017,1859
57362,21.802,294.952,1856
57469,21.802,294.952,1856
57576,21.823,294.973,1857
57683,21.802,294.952,1856
57790,21.737,294.887,1853
57897,21.780,294.930,1855
58004,21.780,294.930,1855
58111,21.780,294.930,1855
58223,21.845,294.995,1858
58330,21.823,294.973,1857
58437,21.758,294.908,1854
58544,21.780,294.930,1855
58651,21.780,294.930,1855
58758,21.737,294.887,1853
58865,21.802,294.952,1856
58972,21.780,294.930,1855
59079,21.802,294.952,1856
59186,21.780,294.930,1855
59293,21.780,294.930,1855
59400,21.780,294.930,1855
59507,21.823,294.973,1857
59614,21.845,294.995,1858
59721,21.802,294.952,1856
59828,21.780,294.930,1855
59935,21.780,294.930,1855
60042,21.780,294.930,1855
60149,21.780,294.930,1855
60261,21.758,294.908,1854
60368,21.780,294.930,1855
60475,21.802,294.952,1856
60582,21.802,294.952,1856
60689,21.780,294.930,1855
60796,21.737,294.887,1853
60903,21.737,294.887,1853
61010,21.780,294.930,1855
61117,21.780,294.930,1855
61224,21.802,294.952,1856
61331,21.758,294.908,1854
61438,21.780,294.930,1855
61545,21.802,294.952,1856
61652,21.780,294.930,1855
61759,21.758,294.908,1854
61866,21.693,294.843,1851
61973,21.758,294.908,1854
62080,21.758,294.908,1854
62187,21.737,294.887,1853
62297,21.737,294.887,1853
62406,21.802,294.952,1856
62513,21.780,294.930,1855
62620,21.758,294.908,1854
62727,21.737,294.887,1853
62834,21.715,294.865,1852
62941,21.693,294.843,1851
63048,21.780,294.930,1855
63155,21.693,294.843,1851
63262,21.780,294.930,1855
63369,21.737,294.887,1853
63476,21.693,294.843,1851
63583,21.693,294.843,1851
63690,21.715,294.865,1852
63797,21.715,294.865,1852
63904,21.650,294.800,1849
64011,21.737,294.887,1853
64118,21.607,294.757,1847
64225,21.802,294.952,1856
64335,21.780,294.930,1855
64442,21.780,294.930,1855
64551,21.780,294.930,1855
64658,21.715,294.865,1852
64765,21.715,294.865,1852
64872,21.672,294.822,1850
64979,21.672,294.822,1850
65086,21.693,294.843,1851
65193,21.737,294.887,1853
65300,21.715,294.865,1852
65407,21.693,294.843,1851
65514,21.780,294.930,1855
65621,21.693,294.843,1851
65728,21.693,294.843,1851
65835,21.780,294.930,1855
65942,21.780,294.930,1855
66049,21.758,294.908,1854
66156,21.758,294.908,1854
66263,21.758,294.908,1854
66373,21.823,294.973,1857
66480,21.737,294.887,1853
66587,21.672,294.822,1850
66692,21.693,294.843,1851
66799,21.672,294.822,1850
66906,21.780,294.930,1855
67013,21.672,294.822,1850
67120,21.737,294.887,1853
67227,21.672,294.822,1850
67334,21.672,294.822,1850
67441,21.715,294.865,1852
67548,21.672,294.822,1850
67655,21.737,294.887,1853
67762,21.715,294.865,1852
67869,21.693,294.843,1851
67976,21.607,294.757,1847
68083,21.672,294.822,1850
68190,21.693,294.843,1851
68297,21.672,294.822,1850
68406,21.780,294.930,1855
68513,21.737,294.887,1853
68620,21.672,294.822,1850
68729,21.672,294.822,1850
68836,21.693,294.843,1851
68943,21.693,294.843,1851
69050,21.693,294.843,1851
69157,21.650,294.800,1849
69264,21.737,294.887,1853
69371,21.737,294.887,1853
69478,21.737,294.887,1853
69585,21.628,294.778,1848
69692,21.693,294.843,1851
69799,21.672,294.822,1850
69906,21.693,294.843,1851
70013,21.607,294.757,1847
70120,21.672,294.822,1850
70227,21.650,294.800,1849
70334,21.672,294.822,1850
70441,21.672,294.822,1850
70551,21.607,294.757,1847
70658,21.672,294.822,1850
70765,21.672,294.822,1850
70874,21.672,294.822,1850
70981,21.672,294.822,1850
71088,21.628,294.778,1848
71195,21.693,294.843,1851
71302,21.737,294.887,1853
71409,21.607,294.757,1847
71516,21.693,294.843,1851
71623,21.650,294.800,1849
71730,21.607,294.757,1847
71837,21.607,294.757,1847
71944,21.607,294.757,1847
72051,21.650,294.800,1849
72158,21.628,294.778,1848
72265,21.563,294.713,1845
72372,21.607,294.757,1847
72479,21.693,294.843,1851
72589,21.607,294.757,1847
72696,21.607,294.757,1847
72803,21.520,294.670,1843
72910,21.607,294.757,1847
73019,21.693,294.843,1851
73126,21.628,294.778,1848
73233,21.585,294.735,1846
73340,21.650,294.800,1849
73447,21.585,294.735,1846
73554,21.585,294.735,1846
73661,21.607,294.757,1847
73768,21.650,294.800,1849
73875,21.563,294.713,1845
73982,21.563,294.713,1845
74089,21.520,294.670,1843
74196,21.541,294.691,1844
74303,21.585,294.735,1846
74410,21.585,294.735,1846
74517,21.563,294.713,1845
74627,21.541,294.691,1844
74734,21.498,294.648,1842
74841,21.541,294.691,1844
74948,21.585,294.735,1846
75057,21.607,294.757,1847
75164,21.563,294.713,1845
75271,21.520,294.670,1843
75378,21.498,294.648,1842
75485,21.541,294.691,1844
75592,21.520,294.670,1843
75699,21.585,294.735,1846
75806,21.585,294.735,1846
75913,21.520,294.670,1843
76020,21.563,294.713,1845
76127,21.563,294.713,1845
76234,21.563,294.713,1845
76341,21.563,294.713,1845
76448,21.585,294.735,1846
76555,21.520,294.670,1843
76665,21.520,294.670,1843
76772,21.520,294.670,1843
76879,21.520,294.670,1843
76986,21.585,294.735,1846
77093,21.585,294.735,1846
77202,21.498,294.648,1842
77309,21.563,294.713,1845
77416,21.498,294.648,1842
77523,21.607,294.757,1847
77630,21.607,294.757,1847
77737,21.563,294.713,1845
77844,21.541,294.691,1844
77951,21.650,294.800,1849
78058,21.541,294.691,1844
78165,21.563,294.713,1845
78272,21.520,294.670,1843
78379,21.520,294.670,1843
78486,21.498,294.648,1842
78593,21.585,294.735,1846
78703,21.563,294.713,1845
78810,21.563,294.713,1845
78917,21.563,294.713,1845
79024,21.498,294.648,1842
79131,21.476,294.626,1841
79238,21.520,294.670,1843
79347,21.476,294.626,1841
79454,21.541,294.691,1844
79561,21.476,294.626,1841
79668,21.563,294.713,1845
79775,21.498,294.648,1842
79882,21.476,294.626,1841
79989,21.563,294.713,1845
80096,21.541,294.691,1844
80203,21.563,294.713,1845
80310,21.455,294.605,1840
80417,21.476,294.626,1841
80524,21.541,294.691,1844
80631,21.455,294.605,1840
80741,21.498,294.648,1842
80848,21.520,294.670,1843
80955,21.520,294.670,1843
81062,21.520,294.670,1843
81169,21.476,294.626,1841
81276,21.476,294.626,1841
81385,21.520,294.670,1843
81492,21.498,294.648,1842
81599,21.476,294.626,1841
81706,21.476,294.626,1841
81813,21.455,294.605,1840
81920,21.498,294.648,1842
82027,21.455,294.605,1840
82134,21.455,294.605,1840
82241,21.455,294.605,1840
82348,21.498,294.648,1842
82455,21.498,294.648,1842
82562,21.455,294.605,1840
82669,21.476,294.626,1841
82779,21.476,294.626,1841
82886,21.520,294.670,1843
82993,21.476,294.626,1841
83100,21.455,294.605,1840
83207,21.455,294.605,1840
83314,21.476,294.626,1841
83421,21.455,294.605,1840
83530,21.455,294.605,1840
83637,21.498,294.648,1842
83744,21.476,294.626,1841
83851,21.498,294.648,1842
83958,21.476,294.626,1841
84065,21.541,294.691,1844
84172,21.476,294.626,1841
84279,21.476,294.626,1841
84386,21.433,294.583,1839
84493,21.455,294.605,1840
84600,21.455,294.605,1840
84707,21.476,294.626,1841
84817,21.455,294.605,1840
84924,21.455,294.605,1840
85031,21.455,294.605,1840
85138,21.520,294.670,1843
85245,21.455,294.605,1840
85352,21.455,294.605,1840
85459,21.455,294.605,1840
85566,21.476,294.626,1841
85675,21.476,294.626,1841
85782,21.455,294.605,1840
85889,21.455,294.605,1840
85996,21.476,294.626,1841
86103,21.455,294.605,1840
86210,21.455,294.605,1840
86317,21.455,294.605,1840
86424,21.455,294.605,1840
86531,21.433,294.583,1839
86638,21.476,294.626,1841
86745,21.455,294.605,1840
86855,21.433,294.583,1839
86962,21.455,294.605,1840
87069,21.455,294.605,1840
87176,21.455,294.605,1840
87283,21.455,294.605,1840
87390,21.455,294.605,1840
87497,21.455,294.605,1840
87604,21.455,294.605,1840
87713,21.411,294.561,1838
87820,21.433,294.583,1839
87927,21.455,294.605,1840
88034,21.455,294.605,1840
88141,21.455,294.605,1840
88248,21.455,294.605,1840
88355,21.455,294.605,1840
88462,21.455,294.605,1840
88569,21.411,294.561,1838
88676,21.455,294.605,1840
88783,21.433,294.583,1839
88893,21.455,294.605,1840
89000,21.455,294.605,1840
89107,21.455,294.605,1840
89214,21.455,294.605,1840
89321,21.455,294.605,1840
89428,21.411,294.561,1838
89535,21.455,294.605,1840
89642,21.455,294.605,1840
89749,21.455,294.605,1840
89858,21.455,294.605,1840
89965,21.433,294.583,1839
90072,21.455,294.605,1840
90179,21.411,294.561,1838
90286,21.455,294.605,1840
90393,21.411,294.561,1838
90500,21.433,294.583,1839
90607,21.411,294.561,1838
90714,21.455,294.605,1840
90821,21.455,294.605,1840
90938,21.455,294.605,1840
91045,21.433,294.583,1839
91152,21.411,294.561,1838
91259,21.455,294.605,1840
91366,21.325,294.475,1834
91473,21.411,294.561,1838
91580,21.390,294.540,1837
91691,21.411,294.561,1838
91798,21.455,294.605,1840
91905,21.433,294.583,1839
92014,21.455,294.605,1840
92121,21.433,294.583,1839
92228,21.433,294.583,1839
92335,21.411,294.561,1838
92442,21.433,294.583,1839
92549,21.433,294.583,1839
92656,21.455,294.605,1840
92763,21.433,294.583,1839
92870,21.455,294.605,1840
92980,21.411,294.561,1838
93087,21.368,294.518,1836
93194,21.390,294.540,1837
93301,21.390,294.540,1837
93408,21.433,294.583,1839
93515,21.433,294.583,1839
93622,21.346,294.496,1835
93729,21.411,294.561,1838
93836,21.433,294.583,1839
93943,21.368,294.518,1836
94050,21.390,294.540,1837
94155,21.411,294.561,1838
94262,21.433,294.583,1839
94369,21.390,294.540,1837
94476,21.411,294.561,1838
94583,21.390,294.540,1837
94690,21.411,294.561,1838
94797,21.390,294.540,1837
94904,21.346,294.496,1835
95011,21.390,294.540,1837
95121,21.346,294.496,1835
95228,21.390,294.540,1837
95335,21.260,294.410,1831
95442,21.433,294.583,1839
95549,21.346,294.496,1835
95656,21.411,294.561,1838
95763,21.411,294.561,1838
95870,21.390,294.540,1837
95977,21.433,294.583,1839
96084,21.325,294.475,1834
96193,21.411,294.561,1838
96300,21.390,294.540,1837
96407,21.455,294.605,1840
96514,21.433,294.583,1839
96621,21.368,294.518,1836
96728,21.390,294.540,1837
96835,21.390,294.540,1837
96942,21.390,294.540,1837
97049,21.455,294.605,1840
97159,21.346,294.496,1835
97266,21.411,294.561,1838
97373,21.346,294.496,1835
97480,21.303,294.453,1833
97587,21.346,294.496,1835
97694,21.325,294.475,1834
97801,21.433,294.583,1839
97908,21.390,294.540,1837
98015,21.346,294.496,1835
98122,21.346,294.496,1835
98229,21.433,294.583,1839
98338,21.433,294.583,1839
98445,21.390,294.540,1837
98552,21.325,294.475,1834
98659,21.346,294.496,1835
98766,21.433,294.583,1839
98873,21.325,294.475,1834
98980,21.346,294.496,1835
99087,21.411,294.561,1838
99197,21.368,294.518,1836
99304,21.346,294.496,1835
99411,21.411,294.561,1838
99518,21.411,294.561,1838
99625,21.346,294.496,1835
99732,21.390,294.540,1837
99839,21.390,294.540,1837
99946,21.433,294.583,1839
100053,21.411,294.561,1838
100160,21.346,294.496,1835
100267,21.411,294.561,1838
100376,21.411,294.561,1838
100483,21.238,294.388,1830
100590,21.303,294.453,1833
100697,21.303,294.453,1833
100804,21.411,294.561,1838
100911,21.325,294.475,1834
101018,21.346,294.496,1835
101125,21.346,294.496,1835
101235,21.390,294.540,1837
101342,21.260,294.410,1831
101449,21.390,294.540,1837
101556,21.325,294.475,1834
101663,21.368,294.518,1836
101770,21.368,294.518,1836
101877,21.390,294.540,1837
101984,21.346,294.496,1835
102091,21.325,294.475,1834
102198,21.390,294.540,1837
102305,21.411,294.561,1838
102414,21.411,294.561,1838
102521,21.303,294.453,1833
102628,21.346,294.496,1835
102735,21.346,294.496,1835
102842,21.303,294.453,1833
102949,21.346,294.496,1835
103056,21.411,294.561,1838
103163,21.346,294.496,1835
103273,21.325,294.475,1834
